15103119 28192 0 23 41 52 63
15103126 45000 0 30 70 60 10
15103134 18688 20 31 42 50 71
15103123 58000 70 1 33 52 11
15103135 38762 1 23 42 60 71
15103262 48564 0 62 71 43 50
15103158 56782 12 3 70 31 42
15103146 24568 0 72 51 63 10
15103116 47245 2 31 70 43 51
15103127 49999 2 41 53 60 72
15103126 98245 0 11 72 23 41
15103122 50000 50 32 70 1 23
15104063 77232 0 3 21 42 63
16104013 115007 0 11 62 143 20
15103289 51897 10 0 20 30 40
15103135 65346 3 21 51 72 30
1510000 2761318 1 0 34 41 21
15103093 39974 30 41 42 73 61
15104008 10000 0 61 43 20 52